0
0.0681818
0.136363
0.204545
0.272726
0.340907
0.409087
0.477266
0.545445
0.613623
0.6818
0.749976
0.81815
0.886324
0.954496
1.02267
1.09083
1.159
1.22717
1.29533
1.36349
1.43165
1.49981
1.56796
1.63611
1.70426
1.77241
1.84055
1.90869
1.97683
2.04496
2.11309
2.18122
2.24935
2.31747
2.38558
2.4537
2.52181
2.58991
2.65801
2.72611
2.7942
2.86229
2.93037
2.99845
3.06652
3.13459
3.20266
3.27072
3.33877
3.40682
3.47486
3.5429
3.61093
3.67896
3.74697
3.81499
3.883
3.951
4.01899
4.08698
4.15496
4.22294
4.29091
4.35887
4.42682
4.49477
4.56271
4.63065
4.69857
4.76649
4.8344
4.9023
4.9702
5.03809
5.10597
5.17384
5.2417
5.30955
5.3774
5.44524
5.51306
5.58088
5.64869
5.7165
5.78429
5.85207
5.91985
5.98761
6.05536
6.12311
6.19084
6.25857
6.32628
6.39399
6.46168
6.52937
6.59704
6.66471
6.73236
6.8
6.86763
6.93525
7.00286
7.07046
7.13804
7.20562
7.27318
7.34073
7.40827
7.4758
7.54332
7.61082
7.67831
7.74579
7.81326
7.88071
7.94815
8.01558
8.083
8.1504
8.21779
8.28517
8.35253
8.41988
8.48722
8.55454
8.62185
8.68914
8.75642
8.82369
8.89094
8.95818
9.02541
9.09262
9.15981
9.22699
9.29416
9.36131
9.42844
9.49556
9.56267
9.62976
9.69683
9.76389
9.83093
9.89796
9.96497
10.032
10.0989
10.1659
10.2329
10.2998
10.3667
10.4336
10.5005
10.5673
10.6342
10.701
10.7678
10.8346
10.9014
10.9682
11.0349
11.1016
11.1683
11.235
11.3017
11.3683
11.435
11.5016
11.5682
11.6348
11.7013
11.7679
11.8344
11.9009
11.9674
12.0338
12.1003
12.1667
12.2331
12.2995
12.3658
12.4322
12.4985
12.5648
12.6311
12.6974
12.7636
12.8298
12.896
12.9622
13.0284
13.0945
13.1606
13.2267
13.2928
13.3589
13.4249
13.4909
13.5569
13.6229
13.6888
13.7547
13.8206
13.8865
13.9524
14.0182
14.084
14.1498
14.2156
14.2813
14.347
14.4127
14.4784
14.544
14.6097
14.6753
14.7408
14.8064
14.8719
14.9374
15.0029
15.0684
15.1338
15.1992
15.2646
15.33
15.3953
15.4606
15.5259
15.5911
15.6564
15.7216
15.7868
15.8519
15.9171
15.9822
16.0472
16.1123
16.1773
16.2423
16.3073
16.3722
16.4372
16.5021
16.5669
16.6318
16.6966
16.7614
16.8261
16.8909
16.9556
17.0202
17.0849
17.1495
17.2141
17.2787
17.3432
17.4077
17.4722
17.5366
17.6011
17.6655
17.7298
17.7942
17.8585
17.9227
17.987
18.0512
18.1154
18.1796
18.2437
18.3078
18.3719
18.4359
18.4999
18.5639
18.6279
18.6918
18.7557
18.8195
18.8834
18.9472
19.0109
19.0747
19.1384
19.202
19.2657
19.3293
19.3929
19.4564
19.5199
19.5834
19.6469
19.7103
19.7737
19.837
19.9003
19.9636
20.0269
20.0901
20.1533
20.2165
20.2796
20.3427
20.4057
20.4688
20.5318
20.5947
20.6576
20.7205
20.7834
20.8462
20.909
20.9717
21.0345
21.0971
21.1598
21.2224
21.285
21.3475
21.41
21.4725
21.5349
21.5973
21.6597
21.722
21.7843
21.8466
21.9088
21.971
22.0332
22.0953
22.1574
22.2194
22.2814
22.3434
22.4053
22.4672
22.5291
22.5909
22.6527
22.7144
22.7761
22.8378
22.8994
22.961
23.0226
23.0841
23.1456
23.207
23.2684
23.3298
23.3911
23.4524
23.5136
23.5749
23.636
23.6972
23.7583
23.8193
23.8803
23.9413
24.0022
24.0631
24.124
24.1848
24.2456
24.3063
24.367
24.4277
24.4883
24.5488
24.6094
24.6699
24.7303
24.7907
24.8511
24.9114
24.9717
25.0319
25.0921
25.1523
25.2124
25.2725
25.3325
25.3925
25.4525
25.5124
25.5722
25.6321
25.6918
25.7516
25.8113
25.8709
25.9305
25.9901
26.0496
26.1091
26.1685
26.2279
26.2873
26.3466
26.4058
26.465
26.5242
26.5833
26.6424
26.7014
26.7604
26.8194
26.8783
26.9371
26.9959
27.0547
27.1134
27.1721
27.2307
27.2893
27.3478
27.4063
27.4648
27.5232
27.5815
27.6398
27.6981
27.7563
27.8145
27.8726
27.9307
27.9887
28.0467
28.1046
28.1625
28.2203
28.2781
28.3359
28.3936
28.4512
28.5088
28.5663
28.6238
28.6813
28.7387
28.7961
28.8534
28.9106
28.9678
29.025
29.0821
29.1392
29.1962
29.2532
29.3101
29.3669
29.4237
29.4805
29.5372
29.5939
29.6505
29.7071
29.7636
29.82
29.8765
29.9328
29.9891
30.0454
30.1016
30.1578
30.2139
30.2699
30.3259
30.3819
30.4378
30.4936
30.5494
30.6052
30.6609
30.7165
30.7721
30.8276
30.8831
30.9385
30.9939
31.0492
31.1045
31.1597
31.2149
31.27
31.3251
31.3801
31.435
31.4899
31.5448
31.5996
31.6543
31.709
31.7636
31.8182
31.8727
31.9272
31.9816
32.0359
32.0902
32.1445
32.1987
32.2528
32.3069
32.3609
32.4149
32.4688
32.5226
32.5764
32.6302
32.6839
32.7375
32.7911
32.8446
32.898
32.9514
33.0048
33.0581
33.1113
33.1645
33.2176
33.2707
33.3237
33.3766
33.4295
33.4823
33.5351
33.5878
33.6405
33.6931
33.7456
33.7981
33.8505
33.9029
33.9552
34.0074
34.0596
34.1118
34.1638
34.2158
34.2678
34.3197
34.3715
34.4233
34.475
34.5267
34.5782
34.6298
34.6812
34.7327
34.784
34.8353
34.8865
34.9377
34.9888
35.0398
35.0908
35.1418
35.1926
35.2434
35.2942
35.3448
35.3954
35.446
35.4965
35.5469
35.5973
35.6476
35.6978
35.748
35.7981
35.8482
35.8982
35.9481
35.998
36.0478
36.0975
36.1472
36.1968
36.2463
36.2958
36.3452
36.3946
36.4439
36.4931
36.5423
36.5914
36.6404
36.6894
36.7383
36.7871
36.8359
36.8846
36.9332
36.9818
37.0303
37.0788
37.1272
37.1755
37.2237
37.2719
37.32
37.3681
37.4161
37.464
37.5118
37.5596
37.6073
37.655
37.7026
37.7501
37.7975
37.8449
37.8922
37.9395
37.9867
38.0338
38.0808
38.1278
38.1747
38.2216
38.2683
38.315
38.3617
38.4082
38.4547
38.5012
38.5475
38.5938
38.64
38.6862
38.7323
38.7783
38.8242
38.8701
38.9159
38.9616
39.0073
39.0529
39.0984
39.1439
39.1893
39.2346
39.2798
39.325
39.3701
39.4151
39.4601
39.505
39.5498
39.5945
39.6392
39.6838
39.7283
39.7728
39.8172
39.8615
39.9057
39.9499
39.994
40.038
40.082
40.1259
40.1697
40.2134
40.2571
40.3006
40.3442
40.3876
40.431
40.4743
40.5175
40.5606
40.6037
40.6467
40.6896
40.7325
40.7752
40.8179
40.8606
40.9031
40.9456
40.988
41.0303
41.0726
41.1147
41.1568
41.1989
41.2408
41.2827
41.3245
41.3662
41.4078
41.4494
41.4909
41.5323
41.5737
41.6149
41.6561
41.6972
41.7383
41.7792
41.8201
41.8609
41.9016
41.9423
41.9828
42.0233
42.0637
42.1041
42.1443
42.1845
42.2246
42.2646
42.3046
42.3444
42.3842
42.4239
42.4636
42.5031
42.5426
42.582
42.6213
42.6605
42.6997
42.7388
42.7778
42.8167
42.8555
42.8943
42.9329
42.9715
43.01
43.0485
43.0868
43.1251
43.1633
43.2014
43.2394
43.2774
43.3153
43.353
43.3907
43.4284
43.4659
43.5034
43.5407
43.578
43.6153
43.6524
43.6894
43.7264
43.7633
43.8001
43.8368
43.8734
43.91
43.9465
43.9828
44.0191
44.0554
44.0915
44.1275
44.1635
44.1994
44.2352
44.2709
44.3065
44.3421
44.3776
44.4129
44.4482
44.4834
44.5186
44.5536
44.5886
44.6234
44.6582
44.6929
44.7275
44.762
44.7965
44.8308
44.8651
44.8993
44.9334
44.9674
45.0013
45.0352
45.0689
45.1026
45.1362
45.1696
45.203
45.2364
45.2696
45.3027
45.3358
45.3688
45.4016
45.4344
45.4671
45.4997
45.5323
45.5647
45.5971
45.6293
45.6615
45.6936
45.7256
45.7575
45.7893
45.821
45.8527
45.8842
45.9157
45.9471
45.9783
46.0095
46.0406
46.0716
46.1026
46.1334
46.1641
46.1948
46.2253
46.2558
46.2862
46.3165
46.3467
46.3768
46.4068
46.4367
46.4666
46.4963
46.5259
46.5555
46.585
46.6143
46.6436
46.6728
46.7019
46.7309
46.7598
46.7886
46.8174
46.846
46.8745
46.903
46.9313
46.9596
46.9878
47.0158
47.0438
47.0717
47.0995
47.1272
47.1548
47.1823
47.2097
47.2371
47.2643
47.2914
47.3185
47.3454
47.3722
47.399
47.4257
47.4522
47.4787
47.5051
47.5313
47.5575
47.5836
47.6096
47.6355
47.6613
47.687
47.7126
47.7381
47.7635
47.7888
47.8141
47.8392
47.8642
47.8891
47.914
47.9387
47.9633
47.9879
48.0123
48.0366
48.0609
48.085
48.1091
48.133
48.1569
48.1806
48.2043
48.2279
48.2513
48.2747
48.2979
48.3211
48.3442
48.3671
48.39
48.4128
48.4354
48.458
48.4804
48.5028
48.5251
48.5472
48.5693
48.5913
48.6131
48.6349
48.6566
48.6781
48.6996
48.7209
48.7422
48.7634
48.7844
48.8054
48.8262
48.847
48.8676
48.8882
48.9086
48.929
48.9492
48.9693
48.9894
49.0093
49.0291
49.0489
49.0685
49.088
49.1074
49.1268
49.146
49.1651
49.1841
49.203
49.2218
49.2405
49.2591
49.2776
49.2959
49.3142
49.3324
49.3505
49.3684
49.3863
49.4041
49.4217
49.4392
49.4567
49.474
49.4913
49.5084
49.5254
49.5423
49.5591
49.5758
49.5924
49.6089
49.6253
49.6416
49.6577
49.6738
49.6898
49.7056
49.7213
49.737
49.7525
49.7679
49.7832
49.7984
49.8135
49.8285
49.8434
49.8582
49.8729
49.8874
49.9019
49.9162
49.9305
49.9446
49.9586
49.9725
49.9863
50
50
50.0136
50.0271
50.0404
50.0537
50.0668
50.0799
50.0928
50.1056
50.1183
50.1309
50.1434
50.1558
50.1681
50.1803
50.1923
50.2043
50.2161
50.2279
50.2395
50.251
50.2625
50.2738
50.285
50.2961
50.3071
50.318
50.3287
50.3394
50.35
50.3604
50.3708
50.381
50.3912
50.4012
50.4111
50.421
50.4307
50.4403
50.4498
50.4592
50.4685
50.4777
50.4868
50.4958
50.5046
50.5134
50.5221
50.5306
50.5391
50.5474
50.5557
50.5638
50.5719
50.5798
50.5876
50.5954
50.603
50.6105
50.6179
50.6253
50.6325
50.6396
50.6466
50.6535
50.6603
50.667
50.6736
50.6801
50.6864
50.6927
50.6989
50.705
50.711
50.7168
50.7226
50.7283
50.7339
50.7393
50.7447
50.75
50.7551
50.7602
50.7652
50.77
50.7748
50.7794
50.784
50.7884
50.7928
50.7971
50.8012
50.8053
50.8092
50.8131
50.8168
50.8205
50.824
50.8275
50.8308
50.8341
50.8372
50.8403
50.8433
50.8461
50.8489
50.8515
50.8541
50.8565
50.8589
50.8612
50.8633
50.8654
50.8674
50.8692
50.871
50.8727
50.8743
50.8757
50.8771
50.8784
50.8796
50.8807
50.8817
50.8826
50.8833
50.884
50.8846
50.8851
50.8856
50.8859
50.8861
50.8862
50.8862
50.8861
50.886
50.8857
50.8853
50.8849
50.8843
50.8837
50.8829
50.8821
50.8811
50.8801
50.879
50.8777
50.8764
50.875
50.8735
50.8719
50.8702
50.8684
50.8665
50.8645
50.8624
50.8603
50.858
50.8556
50.8532
50.8506
50.848
50.8452
50.8424
50.8395
50.8365
50.8334
50.8302
50.8269
50.8235
50.82
50.8164
50.8127
50.809
50.8051
50.8012
50.7971
50.793
50.7888
50.7845
50.7801
50.7756
50.771
50.7663
50.7615
50.7566
50.7517
50.7466
50.7415
50.7363
50.7309
50.7255
50.72
50.7144
50.7087
50.703
50.6971
50.6911
50.6851
50.679
50.6727
50.6664
50.66
50.6535
50.6469
50.6402
50.6335
50.6266
50.6197
50.6126
50.6055
50.5983
50.591
50.5836
50.5761
50.5686
50.5609
50.5532
50.5453
50.5374
50.5294
50.5213
50.5131
50.5048
50.4965
50.488
50.4795
50.4709
50.4622
50.4534
50.4445
50.4355
50.4264
50.4173
50.4081
50.3987
50.3893
50.3798
50.3703
50.3606
50.3508
50.341
50.3311
50.3211
50.311
50.3008
50.2905
50.2802
50.2697
50.2592
50.2486
50.2379
50.2271
50.2162
50.2053
50.1942
50.1831
50.1719
50.1606
50.1493
50.1378
50.1263
50.1146
50.1029
50.0911
50.0792
50.0673
50.0552
50.0431
50.0309
50.0186
50.0062
49.9937
49.9812
49.9686
49.9559
49.9431
49.9302
49.9172
49.9042
49.8911
49.8778
49.8646
49.8512
49.8377
49.8242
49.8106
49.7969
49.7831
49.7692
49.7553
49.7413
49.7271
49.713
49.6987
49.6843
49.6699
49.6554
49.6408
49.6261
49.6114
49.5965
49.5816
49.5666
49.5515
49.5364
49.5211
49.5058
49.4904
49.475
49.4594
49.4438
49.4281
49.4123
49.3964
49.3804
49.3644
49.3483
49.3321
49.3158
49.2995
49.2831
49.2666
49.25
49.2333
49.2166
49.1998
49.1829
49.1659
49.1489
49.1317
49.1145
49.0972
49.0799
49.0624
49.0449
49.0273
49.0097
48.9919
48.9741
48.9562
48.9382
48.9202
48.902
48.8838
48.8656
48.8472
48.8288
48.8103
48.7917
48.773
48.7543
48.7355
48.7166
48.6976
48.6786
48.6595
48.6403
48.621
48.6017
48.5823
48.5628
48.5432
48.5236
48.5039
48.4841
48.4642
48.4443
48.4243
48.4042
48.384
48.3638
48.3435
48.3231
48.3027
48.2821
48.2615
48.2409
48.2201
48.1993
48.1784
48.1575
48.1364
48.1153
48.0941
48.0729
48.0516
48.0302
48.0087
47.9871
47.9655
47.9438
47.9221
47.9003
47.8784
47.8564
47.8343
47.8122
47.79
47.7678
47.7455
47.7231
47.7006
47.678
47.6554
47.6328
47.61
47.5872
47.5643
47.5413
47.5183
47.4952
47.472
47.4488
47.4255
47.4021
47.3786
47.3551
47.3315
47.3079
47.2841
47.2603
47.2365
47.2125
47.1885
47.1645
47.1403
47.1161
47.0918
47.0675
47.0431
47.0186
46.994
46.9694
46.9447
46.92
46.8952
46.8703
46.8453
46.8203
46.7952
46.77
46.7448
46.7195
46.6942
46.6687
46.6433
46.6177
46.5921
46.5664
46.5406
46.5148
46.4889
46.463
46.4369
46.4109
46.3847
46.3585
46.3322
46.3059
46.2794
46.253
46.2264
46.1998
46.1731
46.1464
46.1196
46.0927
46.0658
46.0388
46.0117
45.9846
45.9574
45.9302
45.9028
45.8755
45.848
45.8205
45.7929
45.7653
45.7376
45.7098
45.682
45.6541
45.6262
45.5982
45.5701
45.5419
45.5137
45.4855
45.4571
45.4288
45.4003
45.3718
45.3432
45.3146
45.2859
45.2571
45.2283
45.1994
45.1705
45.1414
45.1124
45.0832
45.0541
45.0248
44.9955
44.9661
44.9367
44.9072
44.8776
44.848
44.8183
44.7886
44.7588
44.7289
44.699
44.6691
44.639
44.6089
44.5788
44.5485
44.5183
44.4879
44.4575
44.4271
44.3966
44.366
44.3354
44.3047
44.274
44.2431
44.2123
44.1814
44.1504
44.1193
44.0883
44.0571
44.0259
43.9946
43.9633
43.9319
43.9005
43.869
43.8374
43.8058
43.7741
43.7424
43.7106
43.6788
43.6469
43.6149
43.5829
43.5508
43.5187
43.4865
43.4543
43.422
43.3897
43.3573
43.3248
43.2923
43.2597
43.2271
43.1944
43.1617
43.1289
43.096
43.0631
43.0302
42.9972
42.9641
42.931
42.8978
42.8646
42.8313
42.7979
42.7646
42.7311
42.6976
42.6641
42.6304
42.5968
42.5631
42.5293
42.4955
42.4616
42.4277
42.3937
42.3597
42.3256
42.2914
42.2572
42.223
42.1887
42.1544
42.1199
42.0855
42.051
42.0164
41.9818
41.9472
41.9124
41.8777
41.8429
41.808
41.7731
41.7381
41.7031
41.668
41.6329
41.5977
41.5625
41.5272
41.4919
41.4565
41.4211
41.3856
41.3501
41.3145
41.2789
41.2432
41.2074
41.1717
41.1358
41.1
41.064
41.0281
40.992
40.956
40.9198
40.8837
40.8474
40.8112
40.7749
40.7385
40.7021
40.6656
40.6291
40.5925
40.5559
40.5193
40.4826
40.4458
40.409
40.3722
40.3353
40.2983
40.2613
40.2243
40.1872
40.1501
40.1129
40.0757
40.0384
40.0011
39.9637
39.9263
39.8889
39.8514
39.8138
39.7762
39.7386
39.7009
39.6631
39.6254
39.5875
39.5497
39.5117
39.4738
39.4358
39.3977
39.3596
39.3215
39.2833
39.2451
39.2068
39.1685
39.1301
39.0917
39.0532
39.0147
38.9762
38.9376
38.899
38.8603
38.8216
38.7828
38.744
38.7052
38.6663
38.6273
38.5884
38.5493
38.5103
38.4712
38.432
38.3928
38.3536
38.3143
38.275
38.2356
38.1962
38.1568
38.1173
38.0778
38.0382
37.9986
37.9589
37.9192
37.8795
37.8397
37.7999
37.76
37.7201
37.6802
37.6402
37.6002
37.5601
37.52
37.4799
37.4397
37.3994
37.3592
37.3189
37.2785
37.2381
37.1977
37.1572
37.1167
37.0762
37.0356
36.995
36.9543
36.9136
36.8729
36.8321
36.7913
36.7504
36.7095
36.6686
36.6276
36.5866
36.5455
36.5044
36.4633
36.4221
36.3809
36.3397
36.2984
36.2571
36.2157
36.1744
36.1329
36.0915
36.05
36.0084
35.9668
35.9252
35.8836
35.8419
35.8002
35.7584
35.7166
35.6748
35.6329
35.591
35.5491
35.5071
35.4651
35.423
35.3809
35.3388
35.2967
35.2545
35.2123
35.17
35.1277
35.0854
35.043
35.0006
34.9582
34.9157
34.8732
34.8307
34.7881
34.7455
34.7028
34.6602
34.6175
34.5747
34.5319
34.4891
34.4463
34.4034
34.3605
34.3176
34.2746
34.2316
34.1885
34.1455
34.1023
34.0592
34.016
33.9728
33.9296
33.8863
33.843
33.7997
33.7563
33.7129
33.6695
33.626
33.5825
33.539
33.4955
33.4519
33.4083
33.3646
33.3209
33.2772
33.2335
33.1897
33.1459
33.1021
33.0582
33.0143
32.9704
32.9264
32.8824
32.8384
32.7944
32.7503
32.7062
32.6621
32.6179
32.5737
32.5295
32.4852
32.441
32.3967
32.3523
32.3079
32.2636
32.2191
32.1747
32.1302
32.0857
32.0411
31.9966
31.952
31.9074
31.8627
31.818
31.7733
31.7286
31.6838
31.6391
31.5942
31.5494
31.5045
31.4596
31.4147
31.3698
31.3248
31.2798
31.2347
31.1897
31.1446
31.0995
31.0544
31.0092
30.964
30.9188
30.8736
30.8283
30.783
30.7377
30.6924
30.647
30.6016
30.5562
30.5107
30.4653
30.4198
30.3743
30.3287
30.2832
30.2376
30.192
30.1463
30.1007
30.055
30.0093
29.9635
29.9178
29.872
29.8262
29.7804
29.7345
29.6886
29.6427
29.5968
29.5509
29.5049
29.4589
29.4129
29.3669
29.3208
29.2747
29.2286
29.1825
29.1364
29.0902
29.044
28.9978
28.9516
28.9053
28.859
28.8127
28.7664
28.7201
28.6737
28.6273
28.5809
28.5345
28.488
28.4416
28.3951
28.3486
28.302
28.2555
28.2089
28.1623
28.1157
28.0691
28.0224
27.9758
27.9291
27.8824
27.8357
27.7889
27.7421
27.6954
27.6486
27.6017
27.5549
27.508
27.4611
27.4142
27.3673
27.3204
27.2734
27.2265
27.1795
27.1325
27.0854
27.0384
26.9913
26.9443
26.8972
26.85
26.8029
26.7558
26.7086
26.6614
26.6142
26.567
26.5198
26.4725
26.4253
26.378
26.3307
26.2834
26.236
26.1887
26.1413
26.0939
26.0465
25.9991
25.9517
25.9042
25.8568
25.8093
25.7618
25.7143
25.6668
25.6193
25.5717
25.5242
25.4766
25.429
25.3814
25.3338
25.2861
25.2385
25.1908
25.1431
25.0954
25.0477
25
25
24.9523
24.9045
24.8568
24.809
24.7612
24.7134
24.6656
24.6177
24.5699
24.5221
24.4742
24.4263
24.3784
24.3305
24.2826
24.2346
24.1867
24.1387
24.0908
24.0428
23.9948
23.9467
23.8987
23.8507
23.8026
23.7546
23.7065
23.6584
23.6103
23.5622
23.514
23.4659
23.4177
23.3696
23.3214
23.2732
23.225
23.1768
23.1285
23.0803
23.032
22.9838
22.9355
22.8872
22.8389
22.7906
22.7422
22.6939
22.6455
22.5972
22.5488
22.5004
22.452
22.4036
22.3551
22.3067
22.2582
22.2098
22.1613
22.1128
22.0643
22.0158
21.9673
21.9187
21.8702
21.8216
21.773
21.7244
21.6759
21.6272
21.5786
21.53
21.4813
21.4327
21.384
21.3353
21.2867
21.2379
21.1892
21.1405
21.0918
21.043
20.9943
20.9455
20.8967
20.8479
20.7991
20.7503
20.7015
20.6526
20.6038
20.5549
20.506
20.4572
20.4083
20.3594
20.3105
20.2615
20.2126
20.1636
20.1147
20.0657
20.0167
19.9677
19.9187
19.8697
19.8207
19.7717
19.7226
19.6736
19.6245
19.5754
19.5263
19.4772
19.4281
19.379
19.3299
19.2807
19.2316
19.1824
19.1332
19.084
19.0349
18.9856
18.9364
18.8872
18.838
18.7887
18.7395
18.6902
18.6409
18.5917
18.5424
18.4931
18.4437
18.3944
18.3451
18.2957
18.2464
18.197
18.1476
18.0983
18.0489
17.9995
17.9501
17.9006
17.8512
17.8018
17.7523
17.7028
17.6534
17.6039
17.5544
17.5049
17.4554
17.4059
17.3563
17.3068
17.2573
17.2077
17.1581
17.1086
17.059
17.0094
16.9598
16.9102
16.8606
16.8109
16.7613
16.7117
16.662
16.6123
16.5627
16.513
16.4633
16.4136
16.3639
16.3142
16.2644
16.2147
16.1649
16.1152
16.0654
16.0157
15.9659
15.9161
15.8663
15.8165
15.7667
15.7169
15.667
15.6172
15.5673
15.5175
15.4676
15.4178
15.3679
15.318
15.2681
15.2182
15.1683
15.1183
15.0684
15.0185
14.9685
14.9186
14.8686
14.8186
14.7687
14.7187
14.6687
14.6187
14.5687
14.5187
14.4686
14.4186
14.3686
14.3185
14.2685
14.2184
14.1683
14.1183
14.0682
14.0181
13.968
13.9179
13.8677
13.8176
13.7675
13.7174
13.6672
13.6171
13.5669
13.5167
13.4665
13.4164
13.3662
13.316
13.2658
13.2156
13.1653
13.1151
13.0649
13.0146
12.9644
12.9141
12.8639
12.8136
12.7633
12.7131
12.6628
12.6125
12.5622
12.5119
12.4616
12.4112
12.3609
12.3106
12.2602
12.2099
12.1595
12.1092
12.0588
12.0084
11.9581
11.9077
11.8573
11.8069
11.7565
11.7061
11.6556
11.6052
11.5548
11.5043
11.4539
11.4035
11.353
11.3025
11.2521
11.2016
11.1511
11.1006
11.0501
10.9996
10.9491
10.8986
10.8481
10.7976
10.7471
10.6965
10.646
10.5955
10.5449
10.4944
10.4438
10.3932
10.3427
10.2921
10.2415
10.1909
10.1403
10.0897
10.0391
9.9885
9.93789
9.88727
9.83664
9.78601
9.73537
9.68473
9.63409
9.58343
9.53278
9.48211
9.43145
9.38077
9.3301
9.27942
9.22873
9.17804
9.12734
9.07664
9.02593
8.97522
8.9245
8.87378
8.82306
8.77233
8.72159
8.67085
8.62011
8.56936
8.5186
8.46784
8.41708
8.36631
8.31554
8.26477
8.21399
8.1632
8.11241
8.06162
8.01082
7.96002
7.90921
7.8584
7.80758
7.75676
7.70594
7.65511
7.60428
7.55345
7.50261
7.45176
7.40092
7.35006
7.29921
7.24835
7.19749
7.14662
7.09575
7.04487
6.99399
6.94311
6.89223
6.84134
6.79044
6.73955
6.68865
6.63774
6.58683
6.53592
6.48501
6.43409
6.38317
6.33224
6.28131
6.23038
6.17945
6.12851
6.07757
6.02662
5.97567
5.92472
5.87377
5.82281
5.77185
5.72089
5.66992
5.61895
5.56798
5.517
5.46602
5.41504
5.36406
5.31307
5.26208
5.21109
5.16009
5.10909
5.05809
5.00709
4.95608
4.90507
4.85406
4.80304
4.75203
4.70101
4.64998
4.59896
4.54793
4.4969
4.44587
4.39484
4.3438
4.29276
4.24172
4.19068
4.13963
4.08858
4.03753
3.98648
3.93542
3.88437
3.83331
3.78225
3.73119
3.68012
3.62905
3.57799
3.52692
3.47584
3.42477
3.37369
3.32262
3.27154
3.22045
3.16937
3.11829
3.0672
3.01611
2.96502
2.91393
2.86284
2.81174
2.76065
2.70955
2.65845
2.60735
2.55625
2.50515
2.45404
2.40294
2.35183
2.30072
2.24961
2.1985
2.14739
2.09628
2.04516
1.99405
1.94293
1.89182
1.8407
1.78958
1.73846
1.68734
1.63621
1.58509
1.53397
1.48284
1.43172
1.38059
1.32947
1.27834
1.22721
1.17608
1.12495
1.07382
1.02269
0.97156
0.920428
0.869296
0.818163
0.76703
0.715897
0.664763
0.613629
0.562494
0.511359
0.460224
0.409089
0.357953
0.306817
0.255681
0.204545
0.153409
0.102273
0.0511364
1.45338e-12
